1173.2557456493378, 
1134.9509086608887, 
1139.87167263031, 
1155.3706495761871, 
1177.9170501232147, 
1142.4380781650543, 
1123.6196827888489, 
1181.4214406013489, 
1168.6555497646332, 
1131.9112083911896, 
1145.6388943195343, 
1137.7479717731476, 
1135.2917881011963, 
1186.535234928131, 
1179.403356552124, 
1114.1253831386566, 
1161.2322475910187, 
1154.8648610115051, 
1124.583547592163, 
1176.2168653011322, 
1180.750720500946, 
1157.7359914779663, 
1118.1208009719849, 
1146.3041672706604, 
1193.323673248291, 
1145.172006368637, 
1151.2877399921417, 
1160.0201013088226, 
1115.517021894455, 
1151.6489472389221, 
