1158.8180785179138, 
1130.8162944316864, 
1136.0725762844086, 
1147.6214113235474, 
1172.9718761444092, 
1138.45698595047, 
1117.5796551704407, 
1172.9963438510895, 
1164.7767066955566, 
1125.5308063030243, 
1141.2056460380554, 
1129.124000787735, 
1128.8118789196014, 
1179.5217430591583, 
1169.3860659599304, 
1110.1564478874207, 
1152.9763038158417, 
1146.1642270088196, 
1120.065092086792, 
1170.507461309433, 
1173.4331605434418, 
1152.033127784729, 
1111.464721441269, 
1135.2630734443665, 
1188.731153011322, 
1138.0945949554443, 
1145.167686700821, 
1155.6208918094635, 
1108.5604298114777, 
1148.357215166092, 
