255.36978840827942, 
246.04642868041992, 
253.3599889278412, 
250.24681115150452, 
245.0574016571045, 
256.5210659503937, 
251.14525938034058, 
253.69017243385315, 
258.01156091690063, 
250.49970841407776, 
252.56539392471313, 
245.61551928520203, 
256.57126903533936, 
242.6820993423462, 
246.7170205116272, 
247.50494527816772, 
248.82104969024658, 
247.61797952651978, 
249.29628825187683, 
245.95561003684998, 
245.63644361495972, 
247.82076215744019, 
249.77832984924316, 
248.71786260604858, 
246.4921476840973, 
249.16423082351685, 
256.1968686580658, 
255.31697416305542, 
249.5248064994812, 
249.73908710479736, 
