258.599081993103, 
249.43441915512085, 
257.41613507270813, 
253.62046265602112, 
249.822092294693, 
257.69442105293274, 
254.4344925880432, 
256.97920179367065, 
259.5043423175812, 
252.74787521362305, 
256.1779623031616, 
249.5798716545105, 
259.11022567749023, 
248.10113954544067, 
249.43767309188843, 
249.7935607433319, 
252.98759198188782, 
251.004332780838, 
252.1386649608612, 
251.9888460636139, 
249.77137184143066, 
251.50370287895203, 
253.07686591148376, 
250.84338641166687, 
250.1349322795868, 
253.17778706550598, 
257.536563873291, 
257.46914768218994, 
254.77263021469116, 
261.23822498321533, 
