[1, 0.9989013671875, 0.76226806640625, 0.9364496765136718],
[2, 0.999847412109375, 0.46307373046875, 0.7848368225097656],
[3, 0.998291015625, 0.2585296630859375, 0.5654082794189453],
[4, 0.99786376953125, 0.150909423828125, 0.40476940536499023],
[5, 0.99560546875, 0.07057952880859375, 0.2935708694458008],
[6, 0.996795654296875, 0.04585075378417969, 0.21886694145202637],
[7, 0.992462158203125, 0.021463394165039062, 0.16953342962265014],
[8, 0.997467041015625, 0.011672496795654297, 0.14244125533103943],
[9, 0.99462890625, 0.0055694580078125, 0.12487134373188019],
[10, 0.992645263671875, 0.0029114484786987305, 0.11254178732633591],
