[27440929.51906172, 27440929.47237332, 27440929.47237332, 27440929.47237332, 27440929.47237332, 27440929.47237332, 27440929.47237332, 27437989.77520731, 27437985.457860783, 27437984.56398151, 27437983.15368428, 27437980.88816472, 27437980.277322467, 27437980.277322467, 27437979.297263287, 27437979.087975617, 27437979.087975617, 27437978.36242853, 27437978.17124652, 27437975.038937762, 27437974.763064895, 27437969.944611847, 27437969.897362564, 27437965.900033325, 27437965.900033325, 27437965.788870078, 27437964.81260002, 27437962.40570667, 27422142.71075026, 27422141.15873031]
[28389221.41394269, 28389218.15169321, 28389217.265503563, 28389215.599821113, 28389209.712521944, 28389205.587984387, 28389204.374953352, 28389204.374953352, 28307850.23107966, 28307849.870335676, 28307847.83189801, 28307847.729799543, 28307846.131186586, 28307844.039503146, 28307844.039503146, 28307840.865462627, 28307840.238153875, 28307839.24864365, 28307811.687908456, 28307809.256297383, 26183574.300027564, 26183573.00411534, 26183571.115919597, 26183568.39108869, 26183568.39108869, 26183568.368911523, 26183568.368911523, 26183568.368911523, 26095482.917149954, 26095474.567575447]
[34308098.37058784, 34308095.33637501, 34303096.4958144, 34303096.43640589, 34303096.41736864, 27598040.74402754, 27598040.25330114, 27598040.25330114, 27598039.473054107, 27598037.23442677, 27598035.062749796, 27598035.062748097, 27598035.062748097, 27598035.062748097, 27598033.118705276, 27598030.153555363, 27598025.984757505, 27598024.216033496, 27598024.216033496, 27598023.174072564, 27598022.784444913, 27598018.260991093, 27598018.260991093, 27598017.67114479, 27598014.3918749, 27598013.254661564, 27598012.54431857, 27598012.54431857, 27598011.838719085, 27598010.807651736]
[27040133.97664577, 27040133.97664577, 27040130.95415544, 27040129.426408164, 27040127.017608587, 27040124.117593154, 27040123.97837159, 27028617.35847529, 27028614.477319494, 27028597.495914746, 27028597.495914746, 27028597.495914746, 27028597.495914746, 26849753.09567595, 26849752.38108997, 26849748.606268972, 26849746.54053443, 26849746.344440334, 26849746.344440334, 26849746.344440334, 26849746.344440334, 26849746.344440334, 26706893.648185443, 26672575.555283707, 26672575.104531575, 26672575.104531575, 26532641.218724046, 26532640.656629078, 26532639.392869655, 26532639.03224242]
[34134824.03700767, 34134819.1084853, 34043567.246989235, 34043566.598251395, 34043563.90751422, 33918036.15801291, 33918036.15801291, 33918036.15801291, 33918036.15801291, 33918036.15801291, 33918036.15801291, 33918036.15801291, 33918036.15801291, 33918036.15801291, 33918036.15801291, 33918036.15801291, 33918036.15801291, 33918036.15801291, 33808931.90174978, 33808931.90174978, 33808931.9017417, 33808931.9017417, 33772773.91397229, 33772773.903294995, 33772773.903294995, 33771386.52306099, 33771386.05588278, 33771385.231714584, 33771384.707044564, 33767783.70424461]
[27725710.969998125, 27725710.891485643, 27725707.41008407, 27673991.764431298, 27673991.170137357, 27673985.275599133, 27673983.446669046, 27673983.02590254, 27673982.864099726, 27673981.13571196, 27673981.13571196, 27673981.13571196, 27673981.13571196, 27673981.13571196, 27673981.13571196, 27673981.13571196, 27673981.13571196, 27673981.13571196, 27673981.13571196, 27673981.13571196, 27673981.13571196, 27673981.13571196, 27673981.13571196, 27673981.13571196, 27673981.13571196, 27673981.13571196, 27673981.13571196, 27673981.13571196, 27673981.13571196, 27673981.13571196]
[26790059.461774968, 26790059.27544736, 25356333.743411146, 25356332.577879805, 25356332.371415302, 25356329.457747757, 25312444.940917294, 25312444.77025014, 25312440.302404027, 25312440.302404027, 25312440.302404027, 25312440.302404027, 25312440.302404027, 25293224.240480214, 25293223.4938437, 25293223.39646355, 25293222.531854082, 25293222.458997875, 25293221.566410337, 25293220.585261144, 25293217.441638894, 25293217.441638894, 25293212.263823323, 25293208.188883107, 25293208.188883107, 25293208.188883107, 25293208.188883107, 25293208.188883107, 25293208.188883107, 25275879.113112386]
[27905716.388656363, 27905715.60994481, 27905715.60994481, 27905715.60994481, 27905715.60994481, 27905715.60994481, 27905715.60994481, 27022162.452477, 27022161.87697934, 27022161.87697934, 27022161.87697934, 27022161.87697934, 27022161.87697934, 27022161.87697934, 27022161.87697934, 27022161.87697934, 27022161.87697934, 26958494.4479642, 26958494.44796254, 26958494.44796254, 26958494.110191382, 26958493.801911503, 26958493.801911503, 26958490.904909212, 26958490.904909212, 26958490.904909212, 26958490.904909212, 26958490.904909212, 26958490.904909212, 26958490.904909212]
[29784652.125736196, 29784651.73552208, 29784649.802145854, 29784648.933621258, 29611548.752392113, 29611546.25160245, 29611546.25160245, 29611546.25160245, 29611546.25160245, 29611546.25160245, 29611546.25160245, 29611546.25160245, 29611546.25160245, 29611546.25160245, 29611546.25160245, 29611546.25160245, 29611546.25160245, 29611546.25160245, 29611546.25160245, 29611546.25160245, 29611546.25160245, 29611546.25160245, 29611546.25160245, 29611546.25160245, 29611546.25160245, 29611546.25160245, 29381714.95591863, 29381651.81207671, 29381650.20382446, 29381650.022206087]
[33030527.433847252, 32280005.3185752, 32280005.292494815, 32138841.90428046, 32138832.313013755, 32138832.029990427, 32138832.029990427, 32138832.029990427, 32138832.029990427, 32138832.029990427, 28281937.72363537, 28281937.72363537, 28281937.72363537, 28281937.72363537, 28281937.72363537, 28281937.72363537, 28281937.72363537, 28281937.72363537, 28281937.72363537, 28281937.72363537, 28281937.72363537, 28281937.72363537, 28281937.72363537, 28281937.72363537, 28281937.72363537, 28281937.72363537, 28281937.72363537, 28281937.72363537, 28281937.72363537, 28281937.72363537]
