[1, 1.0, 0.738372802734375, 0.9362330017089844],
[2, 1.0, 0.5981597900390625, 0.9234435119628907],
[3, 1.0, 0.59381103515625, 0.9008822402954102],
[4, 1.0, 0.5054130554199219, 0.877642951965332],
[5, 1.0, 0.4573822021484375, 0.8525193557739258],
[6, 1.0, 0.3193683624267578, 0.8392361650466919],
[7, 1.0, 0.31752586364746094, 0.8228272643089295],
[8, 1.0, 0.31455039978027344, 0.8027249839305878],
[9, 1.0, 0.28211212158203125, 0.7888439313173294],
[10, 1.0, 0.27222251892089844, 0.7759340392351151],
