[1, 0.997528076171875, 0.73736572265625, 0.9335404968261719],
[2, 0.99798583984375, 0.455047607421875, 0.774599365234375],
[3, 0.953948974609375, 0.28325653076171875, 0.5716854400634765],
[4, 0.8196029663085938, 0.19725418090820312, 0.4220179786682129],
[5, 0.7100543975830078, 0.08871841430664062, 0.34207649421691894],
[6, 0.6941299438476562, 0.08140945434570312, 0.2966884460449219],
[7, 0.6345996856689453, 0.09708213806152344, 0.26556963109970094],
[8, 0.5991134643554688, 0.055281877517700195, 0.2360228922367096],
[9, 0.5756072998046875, 0.03676557540893555, 0.2128492523431778],
[10, 0.5020565986633301, 0.03750050067901611, 0.19139743411540985],
