[1, 0.99908447265625, 0.697021484375, 0.9354323120117187],
[2, 0.971923828125, 0.4812774658203125, 0.7360142059326172],
[3, 0.8433914184570312, 0.22640228271484375, 0.49294908905029294],
[4, 0.6039276123046875, 0.1038818359375, 0.31083160781860353],
[5, 0.4350910186767578, 0.06446266174316406, 0.18818501472473145],
[6, 0.2667884826660156, 0.03428173065185547, 0.10961263942718506],
[7, 0.21388530731201172, 0.01591968536376953, 0.06201221227645874],
[8, 0.11834168434143066, 0.008099555969238281, 0.035727312326431275],
[9, 0.06859040260314941, 0.0036851167678833008, 0.01926838767528534],
[10, 0.03679591417312622, 0.002381443977355957, 0.010466306269168854],
