[1, 1.0, 0.7489013671875, 0.9360131225585937],
[2, 1.0, 0.500396728515625, 0.8066179962158203],
[3, 0.99658203125, 0.259674072265625, 0.633763900756836],
[4, 0.98858642578125, 0.14163589477539062, 0.4903158721923828],
[5, 0.883270263671875, 0.07869338989257812, 0.3999647655487061],
[6, 0.889849853515625, 0.04483318328857422, 0.330046950340271],
[7, 0.8774518966674805, 0.034075260162353516, 0.306025390625],
[8, 0.822021484375, 0.013824224472045898, 0.26770150423049927],
[9, 0.789642333984375, 0.009325146675109863, 0.2499958223104477],
[10, 0.701131591796875, 0.0055048465728759766, 0.23773027896881105],
