[3823149551817.07, 3823149551817.07, 3823149551817.07, 3823149551817.07, 3823149551817.07, 3823149551817.07, 3823149551817.07, 3823149551817.07, 3823149551817.07, 3823149551817.07, 3823149551817.07, 3823149551817.07, 3823149551817.07, 3823149551817.07, 3823149551817.07, 3823149551817.07, 3823149551817.07, 3823149551817.07, 3823149551817.07, 3823149551817.07, 3823149551817.07, 3823149551817.07, 3823149551817.07, 3823149551817.07, 3823149551817.07, 3823149551817.07, 3823149551817.07, 3823149551817.07, 3823149551817.07, 3823149551817.07]
[3418340526121.4683, 3418340526116.2617, 3418340526116.2617, 3418340526116.2617, 3418340526116.2617, 3415312312477.851, 3415312312477.851, 3415312312477.851, 3415106730607.933, 3415106725881.9985, 3415106725760.2065, 3415103701905.331, 3415103701586.752, 3415103701463.4434, 3415103701463.4434, 3415103701463.4434, 3415103701463.4434, 3415103701463.4434, 3415103701463.4434, 3415103701463.4434, 3415103701463.4434, 3415103701463.4434, 3415103701463.4434, 3415103701463.4434, 3415103701463.4434, 3415103701463.4434, 3415103701463.4434, 3415103701463.4434, 3415103701463.4434, 3415103701463.4434]
[3597350843357.2812, 3597350843357.2812, 3597327038896.883, 3597327038896.883, 3597327038896.883, 3597327038896.883, 3597327038896.883, 3597327038896.883, 3597322869542.709, 3597322869542.709, 3597306369723.956, 3597097887688.157, 3597097887688.157, 3597097887688.157, 3597097887688.157, 3597097887688.157, 3597097887688.157, 3597097887688.157, 3597097887688.157, 3597097887688.157, 3597097887688.157, 3597097887688.157, 3597097887688.157, 3597097887688.157, 3597097887688.157, 3597097887688.157, 3597097887688.157, 3597097887688.157, 3597097887688.157, 3597097887688.157]
[3826731683131.7173, 3826731683131.7173, 3826731683131.7173, 3826731683131.7173, 3826731683131.7173, 3826731683131.7173, 3826731683131.7173, 3826731683131.7173, 3826731683131.7173, 3826731683131.7173, 3826731683131.7173, 3826731683131.7173, 3826731683131.7173, 3826731683131.7173, 3826731683131.7173, 3826731683131.7173, 3826731683131.7173, 3826731683131.7173, 3826731683131.7173, 3826731683131.7173, 3826731683131.7173, 3826731683131.7173, 3826731683131.7173, 3826731683131.7173, 3826731683131.7173, 3826731683131.7173, 3826731683131.7173, 3786752275832.2407, 3786752275832.2407, 3786752248288.2393]
[3766766680368.2427, 3766766680368.2427, 3766766680368.2427, 3766766680368.2427, 3766766680368.2427, 3766766680368.2427, 3766766680368.2427, 3766766680368.2427, 3766766680368.2427, 3766766680368.2427, 3766766680368.2427, 3766766680368.2427, 3766766680368.2427, 3766766680368.2427, 3766766680368.2427, 3766766680368.2427, 3766766680368.2427, 3766766680368.2427, 3766766680368.2427, 3766766680368.2427, 3766766680368.2427, 3766766680368.2427, 3766766680368.2427, 3766766680368.2427, 3766766680368.2427, 3766766680368.2427, 3766766680368.2427, 3766766680368.2427, 3766766680368.2427, 3766766680368.2427]
[3593442531214.8613, 3593442531214.8613, 3593442531214.8613, 3587471665315.5894, 3587471665315.5894, 3587471665315.5894, 3587471665315.5894, 3587471665315.5894, 3587471665315.5894, 3587471665315.5894, 3587471665315.5894, 3587471665315.5894, 3587471665315.5894, 3587471665315.5894, 3587471665315.5894, 3587471665315.5894, 3587471665315.5894, 3587471665315.5894, 3587471665315.5894, 3587471665315.5894, 3587471665315.5894, 3587471665315.5894, 3587471665315.5894, 3587471665315.5894, 3587471665315.5894, 3587471665315.5894, 3587471665315.5894, 3587471665315.5894, 3587471665315.5894, 3587471665315.5894]
[3620046514925.7866, 3620046514925.7866, 3620046514925.7866, 3620046514925.7866, 3620046514925.7866, 3620046514925.7866, 3620046514925.7866, 3620046514925.7866, 3620046514925.7866, 3620011865050.858, 3620011865050.858, 3620011865050.858, 3620011865050.858, 3620011865050.858, 3620011865050.858, 3620011865050.858, 3620011865050.858, 3620011865050.858, 3620011865050.858, 3620011865050.858, 3620011865050.858, 3620011865050.858, 3620011865050.858, 3620011865050.858, 3620011865050.858, 3620011865050.858, 3620011865050.858, 3620011865050.858, 3620011865050.858, 3620011865050.858]
[3402539390470.648, 3402539390470.648, 3402539390470.648, 3402466777383.7085, 3402466747584.14, 3402466747584.14, 3402466747584.14, 3402459003664.626, 3402459003664.626, 3402459003664.626, 3402459003664.626, 3402459003664.626, 3402459003664.626, 3402459003664.626, 3402459003664.626, 3402459003664.626, 3402459003664.626, 3402459003664.626, 3402459003664.626, 3402459003664.626, 3402459003664.626, 3402459003664.626, 3402459003664.626, 3402459003664.626, 3402459003664.626, 3402459003664.626, 3402459003664.626, 3402459003664.626, 3402459003664.626, 3402459003664.626]
[3682877249216.689, 3682877249216.689, 3682877249216.689, 3682877249216.689, 3682877249216.689, 3682877249216.689, 3682877249216.689, 3682877249216.689, 3682877249216.689, 3682877249216.689, 3682877249216.689, 3682877249216.689, 3682877249216.689, 3682877249216.689, 3682877249216.689, 3682877249216.689, 3682877249216.689, 3682877249216.689, 3682877249216.689, 3682877249216.689, 3682877249216.689, 3682877249216.689, 3682877249216.689, 3682877249216.689, 3682877249216.689, 3682877249216.689, 3682877249216.689, 3682877249216.689, 3682877249216.689, 3682877249216.689]
[3595375173758.9673, 3595375092871.6636, 3595375092871.6636, 3595375092871.6636, 3595375092871.6636, 3595375092871.6636, 3595375092871.6636, 3595343232058.1846, 3595343232000.067, 3595309857727.6396, 3595309855603.589, 3595309855603.589, 3595308729667.472, 3595308221253.759, 3595308180250.4375, 3595308179077.716, 3595307993679.483, 3595307993679.483, 3595307993679.483, 3595307993679.483, 3595307993679.483, 3595307993679.483, 3595307993679.483, 3595307993679.483, 3595307993679.483, 3595307993679.483, 3595307993679.483, 3595307993679.483, 3595307993679.483, 3595307993679.483]
