[1, 1.0, 0.68212890625, 0.9349970397949219],
[2, 1.0, 0.4108734130859375, 0.788823501586914],
[3, 0.9654006958007812, 0.27916717529296875, 0.5911363372802735],
[4, 0.9063339233398438, 0.16541671752929688, 0.45321781921386717],
[5, 0.8933334350585938, 0.09069252014160156, 0.36709560775756833],
[6, 0.8466510772705078, 0.06453895568847656, 0.31773967742919923],
[7, 0.8395423889160156, 0.03585195541381836, 0.2784981560707092],
[8, 0.8308936309814453, 0.02747488021850586, 0.25802883672714233],
[9, 0.827362060546875, 0.011601924896240234, 0.22933223032951355],
[10, 0.8224687194824219, 0.007929980754852295, 0.21109975832700728],
