[1, 0.9993896484375, 0.757537841796875, 0.9386031188964844],
[2, 0.999908447265625, 0.425506591796875, 0.7677649536132812],
[3, 0.891143798828125, 0.21044158935546875, 0.5292344970703124],
[4, 0.7845382690429688, 0.144805908203125, 0.3567992286682129],
[5, 0.634490966796875, 0.08829498291015625, 0.2260186996459961],
[6, 0.6349870300292969, 0.04090404510498047, 0.14948046684265137],
[7, 0.6119198608398438, 0.021660804748535156, 0.1007903389930725],
[8, 0.540863037109375, 0.012160301208496094, 0.07103991723060608],
[9, 0.54815673828125, 0.00542140007019043, 0.0540660103559494],
[10, 0.5190887451171875, 0.0030869245529174805, 0.045013762354850766],
