[1, 0.999755859375, 0.707794189453125, 0.9345004577636719],
[2, 0.99462890625, 0.4535064697265625, 0.7593297882080078],
[3, 0.926544189453125, 0.24764251708984375, 0.534062744140625],
[4, 0.8111763000488281, 0.1179656982421875, 0.3533886833190918],
[5, 0.5608558654785156, 0.07878875732421875, 0.22706063079833985],
[6, 0.4572944641113281, 0.03850841522216797, 0.1432402582168579],
[7, 0.4805440902709961, 0.025857925415039062, 0.08958938694000244],
[8, 0.402069091796875, 0.013702154159545898, 0.056764765977859497],
[9, 0.4018440246582031, 0.008594989776611328, 0.034769572019577026],
[10, 0.382568359375, 0.0050501227378845215, 0.022166450202465056],
