606.5786929130554, 
613.6549873352051, 
615.534717798233, 
617.2277398109436, 
605.775356054306, 
605.1673212051392, 
606.7297868728638, 
608.0363323688507, 
608.3105652332306, 
608.2520008087158, 
620.5542874336243, 
617.0428540706635, 
620.2299931049347, 
617.7734451293945, 
617.7890625, 
617.2766861915588, 
619.0947313308716, 
608.7703957557678, 
610.0667147636414, 
609.6472306251526, 
609.5895853042603, 
609.7953150272369, 
618.6259305477142, 
619.4246516227722, 
625.332058429718, 
622.2428636550903, 
622.1548843383789, 
619.2545540332794, 
625.4769926071167, 
615.7081139087677, 
