609.1021387577057, 
619.9111533164978, 
620.2380056381226, 
613.0669939517975, 
612.852285861969, 
611.5725905895233, 
611.6163733005524, 
612.1469702720642, 
612.6455545425415, 
612.8315777778625, 
621.6493408679962, 
623.6660799980164, 
623.7499945163727, 
624.6384620666504, 
623.472193479538, 
623.7259638309479, 
623.6453351974487, 
615.3637421131134, 
616.5807132720947, 
615.9749319553375, 
617.2716183662415, 
621.2549135684967, 
628.5352573394775, 
627.6007349491119, 
630.5475556850433, 
628.1034278869629, 
629.9034271240234, 
628.162410736084, 
630.6909396648407, 
620.4073934555054, 
