At 10D: Schwefel
In 1: p-value=2.67e-22
[2055.461483747158, 2055.461483747158, 2055.461483747158, 2055.461483747158, 2055.461483747158, 2055.461483747158, 2055.461483747158, 2055.461483747158, 2059.1999500571465, 2055.461483747158, 2055.461483747158, 2055.461483747158, 2055.461483747158, 2055.461483747158, 2055.461483747158, 2055.461483747158, 2055.461483747158, 2055.461483747158, 2055.461483747158, 2055.461483747158, 2055.461483747158, 2055.461483747158, 2055.461483747158, 2055.461483747158, 2055.461483747158, 2055.461483747158, 2055.461483747158, 2055.461483747158, 2055.461483747158, 2055.461483747158, 2055.461483747158, 2055.461483747158, 2055.461483747158, 2055.461483747158, 2055.461483747158, 2055.461483747158, 2055.461483747158, 2055.461483747158, 2055.461483747158, 2055.461483747158, 2055.461483747158, 2055.461483747158, 2055.461483747158, 2055.461483747158, 2055.461483747158, 2055.461483747158, 2055.461483747158, 2055.461483747158, 2055.461483747158, 2055.461483747158]
[2055.461483747158, 2055.461483747158, 2055.461483747158, 2055.461483747158, 2055.461483747158, 2055.461483747158, 2055.461483747158, 2055.461483747158, 2055.461483747158, 2055.461483747158, 2055.461483747158, 2055.461483747158, 2055.461483747158, 2055.461483747158, 2055.461483747158, 2055.461483747158, 2055.461483747158, 2055.461483747158, 2055.461483747158, 2055.461483747158, 2055.461483747158, 2055.461483747158, 2055.461483747158, 2055.461483747158, 2055.461483747158, 2055.461483747158, 2055.461483747158, 2055.461483747158, 2055.461483747158, 2055.461483747158, 2055.461483747158, 2055.461483747158, 2055.461483747158, 2055.461483747158, 2055.461483747158, 2055.461483747158, 2055.461483747158, 2055.461483747158, 2055.461483747158, 2055.461483747158, 2055.461483747158, 2055.461483747158, 2055.461483747158, 2055.461483747158, 2055.461483747158, 2055.461483747158, 2055.461483747158, 2055.461483747158, 2055.461483747158, 2055.461483747158]
[2071.95449904262, 2071.95449904262, 2071.95449904262, 2071.95449904262, 2071.95449904262, 2070.7104003513396, 2071.95449904262, 2071.95449904262, 2069.997171520269, 2070.465466224286, 2070.5315241232865, 2071.0202594966845, 2071.95449904262, 2071.95449904262, 2071.95449904262, 2071.95449904262, 2071.95449904262, 2071.95449904262, 2071.95449904262, 2070.783519285018, 2071.95449904262, 2071.95449904262, 2070.6427879566, 2071.95449904262, 2066.5923112705705, 2071.95449904262, 2069.851682678845, 2071.95449904262, 2071.95449904262, 2071.95449904262, 2071.95449904262, 2069.817769232968, 2071.95449904262, 2070.771473695859, 2071.95449904262, 2071.95449904262, 2071.95449904262, 2071.95449904262, 2071.95449904262, 2068.3019607042265, 2069.6159147047324, 2071.95449904262, 2065.773570407699, 2071.95449904262, 2071.95449904262, 2071.95449904262, 2068.9187150409894, 2069.327987834951, 2071.7674197656784, 2071.511942913286]

In 5: p-value=2.67e-22
[2055.461483747158, 2055.461483747158, 2055.461483747158, 2055.461483747158, 2055.461483747158, 2055.461483747158, 2055.461483747158, 2055.461483747158, 2059.1999500571465, 2055.461483747158, 2055.461483747158, 2055.461483747158, 2055.461483747158, 2055.461483747158, 2055.461483747158, 2055.461483747158, 2055.461483747158, 2055.461483747158, 2055.461483747158, 2055.461483747158, 2055.461483747158, 2055.461483747158, 2055.461483747158, 2055.461483747158, 2055.461483747158, 2055.461483747158, 2055.461483747158, 2055.461483747158, 2055.461483747158, 2055.461483747158, 2055.461483747158, 2055.461483747158, 2055.461483747158, 2055.461483747158, 2055.461483747158, 2055.461483747158, 2055.461483747158, 2055.461483747158, 2055.461483747158, 2055.461483747158, 2055.461483747158, 2055.461483747158, 2055.461483747158, 2055.461483747158, 2055.461483747158, 2055.461483747158, 2055.461483747158, 2055.461483747158, 2055.461483747158, 2055.461483747158]
[2055.461483747158, 2055.461483747158, 2055.461483747158, 2055.461483747158, 2055.461483747158, 2055.461483747158, 2055.461483747158, 2055.461483747158, 2055.461483747158, 2055.461483747158, 2055.461483747158, 2055.461483747158, 2055.461483747158, 2055.461483747158, 2055.461483747158, 2055.461483747158, 2055.461483747158, 2055.461483747158, 2055.461483747158, 2055.461483747158, 2055.461483747158, 2055.461483747158, 2055.461483747158, 2055.461483747158, 2055.461483747158, 2055.461483747158, 2055.461483747158, 2055.461483747158, 2055.461483747158, 2055.461483747158, 2055.461483747158, 2055.461483747158, 2055.461483747158, 2055.461483747158, 2055.461483747158, 2055.461483747158, 2055.461483747158, 2055.461483747158, 2055.461483747158, 2055.461483747158, 2055.461483747158, 2055.461483747158, 2055.461483747158, 2055.461483747158, 2055.461483747158, 2055.461483747158, 2055.461483747158, 2055.461483747158, 2055.461483747158, 2055.461483747158]
[2061.233609109089, 2060.7793193882703, 2058.985997236621, 2059.2017960383314, 2059.933652157, 2061.0148605801187, 2062.0070153678657, 2059.092392726163, 2060.5267438134074, 2059.466854810833, 2061.8948218404853, 2059.4037765335374, 2061.9976727195854, 2058.512712421877, 2060.028322907286, 2058.697551318345, 2059.4000168343887, 2060.0339329006615, 2059.2279812807446, 2058.74958108934, 2061.459003620288, 2060.033662063363, 2060.1062170192845, 2059.719772712309, 2058.566678919305, 2060.9316535464714, 2060.309211639872, 2059.1946246621205, 2057.852561872284, 2059.9479948975904, 2059.8352453112243, 2057.2567241190495, 2059.4488697934376, 2059.0182911919974, 2058.6777197342317, 2059.0054375241366, 2061.1397314886926, 2059.7619689158923, 2058.372154013434, 2060.3278166407695, 2059.5753181105747, 2059.9585139285646, 2057.4068817582365, 2059.9125147051127, 2060.917663624204, 2058.7186215176766, 2058.5030467379797, 2059.573167286812, 2057.4656759902655, 2059.554087087511]

In 10: p-value=1.87e-21
[2055.461483747158, 2055.461483747158, 2055.461483747158, 2055.461483747158, 2055.461483747158, 2055.461483747158, 2055.461483747158, 2055.461483747158, 2059.1999500571465, 2055.461483747158, 2055.461483747158, 2055.461483747158, 2055.461483747158, 2055.461483747158, 2055.461483747158, 2055.461483747158, 2055.461483747158, 2055.461483747158, 2055.461483747158, 2055.461483747158, 2055.461483747158, 2055.461483747158, 2055.461483747158, 2055.461483747158, 2055.461483747158, 2055.461483747158, 2055.461483747158, 2055.461483747158, 2055.461483747158, 2055.461483747158, 2055.461483747158, 2055.461483747158, 2055.461483747158, 2055.461483747158, 2055.461483747158, 2055.461483747158, 2055.461483747158, 2055.461483747158, 2055.461483747158, 2055.461483747158, 2055.461483747158, 2055.461483747158, 2055.461483747158, 2055.461483747158, 2055.461483747158, 2055.461483747158, 2055.461483747158, 2055.461483747158, 2055.461483747158, 2055.461483747158]
[2055.461483747158, 2055.461483747158, 2055.461483747158, 2055.461483747158, 2055.461483747158, 2055.461483747158, 2055.461483747158, 2055.461483747158, 2055.461483747158, 2055.461483747158, 2055.461483747158, 2055.461483747158, 2055.461483747158, 2055.461483747158, 2055.461483747158, 2055.461483747158, 2055.461483747158, 2055.461483747158, 2055.461483747158, 2055.461483747158, 2055.461483747158, 2055.461483747158, 2055.461483747158, 2055.461483747158, 2055.461483747158, 2055.461483747158, 2055.461483747158, 2055.461483747158, 2055.461483747158, 2055.461483747158, 2055.461483747158, 2055.461483747158, 2055.461483747158, 2055.461483747158, 2055.461483747158, 2055.461483747158, 2055.461483747158, 2055.461483747158, 2055.461483747158, 2055.461483747158, 2055.461483747158, 2055.461483747158, 2055.461483747158, 2055.461483747158, 2055.461483747158, 2055.461483747158, 2055.461483747158, 2055.461483747158, 2055.461483747158, 2055.461483747158]
[2056.6353580663535, 2056.9808661237867, 2055.9362569866335, 2056.065429341205, 2056.1386023732025, 2057.2640636895785, 2056.734260247925, 2056.3252154384772, 2056.7136148833683, 2056.169571287872, 2056.407317810966, 2055.8479899659187, 2056.174704025638, 2056.210421017633, 2056.3277038193964, 2056.5733858502163, 2055.9165160958814, 2056.023803823075, 2056.588747597355, 2056.4072881288635, 2056.230230801251, 2056.1875308188846, 2056.759641797787, 2056.889641810505, 2056.273343134041, 2056.7202721537346, 2056.801972544648, 2056.413279179947, 2056.142878567767, 2056.2799384128684, 2055.9831727433457, 2056.3378808820685, 2056.8290139159626, 2056.608441873017, 2056.3662631610073, 2056.265017695234, 2055.917881806583, 2056.4119545093613, 2056.0601651525794, 2056.7798561923705, 2056.1186376813853, 2056.0991519141794, 2056.0308417107813, 2056.589488269455, 2056.5844612019423, 2056.5863447704473, 2056.339963171096, 2056.491260833192, 2056.6054962934563, 2056.5142108936093]

In 20: p-value=1.87e-21
[2055.461483747158, 2055.461483747158, 2055.461483747158, 2055.461483747158, 2055.461483747158, 2055.461483747158, 2055.461483747158, 2055.461483747158, 2059.1999500571465, 2055.461483747158, 2055.461483747158, 2055.461483747158, 2055.461483747158, 2055.461483747158, 2055.461483747158, 2055.461483747158, 2055.461483747158, 2055.461483747158, 2055.461483747158, 2055.461483747158, 2055.461483747158, 2055.461483747158, 2055.461483747158, 2055.461483747158, 2055.461483747158, 2055.461483747158, 2055.461483747158, 2055.461483747158, 2055.461483747158, 2055.461483747158, 2055.461483747158, 2055.461483747158, 2055.461483747158, 2055.461483747158, 2055.461483747158, 2055.461483747158, 2055.461483747158, 2055.461483747158, 2055.461483747158, 2055.461483747158, 2055.461483747158, 2055.461483747158, 2055.461483747158, 2055.461483747158, 2055.461483747158, 2055.461483747158, 2055.461483747158, 2055.461483747158, 2055.461483747158, 2055.461483747158]
[2055.461483747158, 2055.461483747158, 2055.461483747158, 2055.461483747158, 2055.461483747158, 2055.461483747158, 2055.461483747158, 2055.461483747158, 2055.461483747158, 2055.461483747158, 2055.461483747158, 2055.461483747158, 2055.461483747158, 2055.461483747158, 2055.461483747158, 2055.461483747158, 2055.461483747158, 2055.461483747158, 2055.461483747158, 2055.461483747158, 2055.461483747158, 2055.461483747158, 2055.461483747158, 2055.461483747158, 2055.461483747158, 2055.461483747158, 2055.461483747158, 2055.461483747158, 2055.461483747158, 2055.461483747158, 2055.461483747158, 2055.461483747158, 2055.461483747158, 2055.461483747158, 2055.461483747158, 2055.461483747158, 2055.461483747158, 2055.461483747158, 2055.461483747158, 2055.461483747158, 2055.461483747158, 2055.461483747158, 2055.461483747158, 2055.461483747158, 2055.461483747158, 2055.461483747158, 2055.461483747158, 2055.461483747158, 2055.461483747158, 2055.461483747158]
[2055.527438685496, 2055.514690672477, 2055.494199534198, 2055.478425761413, 2055.502788335101, 2055.5175198463503, 2055.49846116853, 2055.4935789910865, 2055.492189745273, 2055.4985698089267, 2055.4961206640296, 2055.5065361339484, 2055.5410497210455, 2055.4969509124726, 2055.49067827024, 2055.525151456729, 2055.493666945983, 2055.524889170181, 2055.521134076387, 2055.532556555813, 2055.5050470287088, 2055.4910757250173, 2055.4948763111815, 2055.521991365095, 2055.4855369286925, 2055.5299953229214, 2055.534563777536, 2055.5325170722363, 2055.486515181066, 2055.489019971314, 2055.4905370011884, 2055.491040538727, 2055.5379585778146, 2055.520036402907, 2055.510773487583, 2055.5179598429872, 2055.4919710767167, 2055.5278825765786, 2055.495480836459, 2055.525792682205, 2055.4823139118766, 2055.5041867477034, 2055.483178393768, 2055.51313832131, 2055.5123204352462, 2055.5319924297355, 2055.510471463355, 2055.4970208266554, 2055.4976788806057, 2055.491181780446]

In 30: p-value=1.87e-21
[2055.461483747158, 2055.461483747158, 2055.461483747158, 2055.461483747158, 2055.461483747158, 2055.461483747158, 2055.461483747158, 2055.461483747158, 2059.1999500571465, 2055.461483747158, 2055.461483747158, 2055.461483747158, 2055.461483747158, 2055.461483747158, 2055.461483747158, 2055.461483747158, 2055.461483747158, 2055.461483747158, 2055.461483747158, 2055.461483747158, 2055.461483747158, 2055.461483747158, 2055.461483747158, 2055.461483747158, 2055.461483747158, 2055.461483747158, 2055.461483747158, 2055.461483747158, 2055.461483747158, 2055.461483747158, 2055.461483747158, 2055.461483747158, 2055.461483747158, 2055.461483747158, 2055.461483747158, 2055.461483747158, 2055.461483747158, 2055.461483747158, 2055.461483747158, 2055.461483747158, 2055.461483747158, 2055.461483747158, 2055.461483747158, 2055.461483747158, 2055.461483747158, 2055.461483747158, 2055.461483747158, 2055.461483747158, 2055.461483747158, 2055.461483747158]
[2055.461483747158, 2055.461483747158, 2055.461483747158, 2055.461483747158, 2055.461483747158, 2055.461483747158, 2055.461483747158, 2055.461483747158, 2055.461483747158, 2055.461483747158, 2055.461483747158, 2055.461483747158, 2055.461483747158, 2055.461483747158, 2055.461483747158, 2055.461483747158, 2055.461483747158, 2055.461483747158, 2055.461483747158, 2055.461483747158, 2055.461483747158, 2055.461483747158, 2055.461483747158, 2055.461483747158, 2055.461483747158, 2055.461483747158, 2055.461483747158, 2055.461483747158, 2055.461483747158, 2055.461483747158, 2055.461483747158, 2055.461483747158, 2055.461483747158, 2055.461483747158, 2055.461483747158, 2055.461483747158, 2055.461483747158, 2055.461483747158, 2055.461483747158, 2055.461483747158, 2055.461483747158, 2055.461483747158, 2055.461483747158, 2055.461483747158, 2055.461483747158, 2055.461483747158, 2055.461483747158, 2055.461483747158, 2055.461483747158, 2055.461483747158]
[2055.4646210702963, 2055.4629444006914, 2055.4640900247887, 2055.46265113906, 2055.4637775161746, 2055.4637459746796, 2055.4647434509397, 2055.4639962001665, 2055.4661998693514, 2055.4629377250085, 2055.4631580629966, 2055.4643381571814, 2055.46703676074, 2055.4627587425352, 2055.464913243184, 2055.4634909791935, 2055.4632023728086, 2055.4654114520986, 2055.4657338324396, 2055.464306658734, 2055.463409705601, 2055.462770957419, 2055.463256736901, 2055.466093302791, 2055.4638060586335, 2055.4668552825206, 2055.4656379933335, 2055.463751722906, 2055.462828817225, 2055.4652868233998, 2055.464519598713, 2055.462575138333, 2055.4650877668737, 2055.4628382257642, 2055.464248974296, 2055.4643822535077, 2055.4628175798725, 2055.464788644461, 2055.463227826402, 2055.463628233674, 2055.463564982476, 2055.4629719173354, 2055.4641211035014, 2055.463654854161, 2055.46383789884, 2055.4662941012375, 2055.4648785195786, 2055.462618623907, 2055.463551617414, 2055.4636964232163]

In 50: p-value=1.87e-21
[2055.461483747158, 2055.461483747158, 2055.461483747158, 2055.461483747158, 2055.461483747158, 2055.461483747158, 2055.461483747158, 2055.461483747158, 2059.1999500571465, 2055.461483747158, 2055.461483747158, 2055.461483747158, 2055.461483747158, 2055.461483747158, 2055.461483747158, 2055.461483747158, 2055.461483747158, 2055.461483747158, 2055.461483747158, 2055.461483747158, 2055.461483747158, 2055.461483747158, 2055.461483747158, 2055.461483747158, 2055.461483747158, 2055.461483747158, 2055.461483747158, 2055.461483747158, 2055.461483747158, 2055.461483747158, 2055.461483747158, 2055.461483747158, 2055.461483747158, 2055.461483747158, 2055.461483747158, 2055.461483747158, 2055.461483747158, 2055.461483747158, 2055.461483747158, 2055.461483747158, 2055.461483747158, 2055.461483747158, 2055.461483747158, 2055.461483747158, 2055.461483747158, 2055.461483747158, 2055.461483747158, 2055.461483747158, 2055.461483747158, 2055.461483747158]
[2055.461483747158, 2055.461483747158, 2055.461483747158, 2055.461483747158, 2055.461483747158, 2055.461483747158, 2055.461483747158, 2055.461483747158, 2055.461483747158, 2055.461483747158, 2055.461483747158, 2055.461483747158, 2055.461483747158, 2055.461483747158, 2055.461483747158, 2055.461483747158, 2055.461483747158, 2055.461483747158, 2055.461483747158, 2055.461483747158, 2055.461483747158, 2055.461483747158, 2055.461483747158, 2055.461483747158, 2055.461483747158, 2055.461483747158, 2055.461483747158, 2055.461483747158, 2055.461483747158, 2055.461483747158, 2055.461483747158, 2055.461483747158, 2055.461483747158, 2055.461483747158, 2055.461483747158, 2055.461483747158, 2055.461483747158, 2055.461483747158, 2055.461483747158, 2055.461483747158, 2055.461483747158, 2055.461483747158, 2055.461483747158, 2055.461483747158, 2055.461483747158, 2055.461483747158, 2055.461483747158, 2055.461483747158, 2055.461483747158, 2055.461483747158]
[2055.4614908101694, 2055.4614865227945, 2055.461488127121, 2055.4614858458876, 2055.461488546706, 2055.4614912274697, 2055.4614899263597, 2055.4614913535365, 2055.4614917354934, 2055.461489402103, 2055.4614885238548, 2055.461488561767, 2055.461493660273, 2055.4614878655984, 2055.4614919584715, 2055.461487644063, 2055.461489020662, 2055.4614909619972, 2055.4614961086277, 2055.461491916668, 2055.461487566482, 2055.461486649671, 2055.461487584118, 2055.461493948305, 2055.461488428542, 2055.461491488359, 2055.46149685369, 2055.461491660852, 2055.4614916513588, 2055.4614934589254, 2055.4614865985086, 2055.46148516999, 2055.4614870337477, 2055.461487982606, 2055.46148689904, 2055.461488770704, 2055.461488823273, 2055.4614917062268, 2055.461488024937, 2055.4614891437627, 2055.461489874683, 2055.4614922021383, 2055.4614864647406, 2055.4614930096445, 2055.461487037345, 2055.4614905728886, 2055.461493442583, 2055.4614850857256, 2055.4614886107825, 2055.461490958109]

In 100: p-value=6.39e-12
[2055.461483747158, 2055.461483747158, 2055.461483747158, 2055.461483747158, 2055.461483747158, 2055.461483747158, 2055.461483747158, 2055.461483747158, 2059.1999500571465, 2055.461483747158, 2055.461483747158, 2055.461483747158, 2055.461483747158, 2055.461483747158, 2055.461483747158, 2055.461483747158, 2055.461483747158, 2055.461483747158, 2055.461483747158, 2055.461483747158, 2055.461483747158, 2055.461483747158, 2055.461483747158, 2055.461483747158, 2055.461483747158, 2055.461483747158, 2055.461483747158, 2055.461483747158, 2055.461483747158, 2055.461483747158, 2055.461483747158, 2055.461483747158, 2055.461483747158, 2055.461483747158, 2055.461483747158, 2055.461483747158, 2055.461483747158, 2055.461483747158, 2055.461483747158, 2055.461483747158, 2055.461483747158, 2055.461483747158, 2055.461483747158, 2055.461483747158, 2055.461483747158, 2055.461483747158, 2055.461483747158, 2055.461483747158, 2055.461483747158, 2055.461483747158]
[2055.461483747158, 2055.461483747158, 2055.461483747158, 2055.461483747158, 2055.461483747158, 2055.461483747158, 2055.461483747158, 2055.461483747158, 2055.461483747158, 2055.461483747158, 2055.461483747158, 2055.461483747158, 2055.461483747158, 2055.461483747158, 2055.461483747158, 2055.461483747158, 2055.461483747158, 2055.461483747158, 2055.461483747158, 2055.461483747158, 2055.461483747158, 2055.461483747158, 2055.461483747158, 2055.461483747158, 2055.461483747158, 2055.461483747158, 2055.461483747158, 2055.461483747158, 2055.461483747158, 2055.461483747158, 2055.461483747158, 2055.461483747158, 2055.461483747158, 2055.461483747158, 2055.461483747158, 2055.461483747158, 2055.461483747158, 2055.461483747158, 2055.461483747158, 2055.461483747158, 2055.461483747158, 2055.461483747158, 2055.461483747158, 2055.461483747158, 2055.461483747158, 2055.461483747158, 2055.461483747158, 2055.461483747158, 2055.461483747158, 2055.461483747158]
[2055.46148374716, 2055.461483747158, 2055.4614837471586, 2055.461483747158, 2055.4614837471586, 2055.461483747161, 2055.461483747161, 2055.4614837471586, 2055.461483747159, 2055.461483747158, 2055.4614837471586, 2055.461483747159, 2055.461483747159, 2055.4614837471586, 2055.461483747159, 2055.461483747158, 2055.461483747158, 2055.461483747159, 2055.461483747159, 2055.4614837471595, 2055.461483747158, 2055.461483747158, 2055.461483747159, 2055.461483747161, 2055.461483747158, 2055.461483747161, 2055.4614837471595, 2055.461483747158, 2055.461483747158, 2055.4614837471586, 2055.461483747158, 2055.461483747158, 2055.461483747158, 2055.461483747158, 2055.461483747158, 2055.4614837471586, 2055.461483747158, 2055.4614837471595, 2055.461483747158, 2055.461483747158, 2055.4614837471586, 2055.4614837471586, 2055.461483747158, 2055.4614837471586, 2055.461483747158, 2055.4614837471654, 2055.461483747158, 2055.461483747158, 2055.46148374716, 2055.461483747159]

In 200: p-value=0.368
[2055.461483747158, 2055.461483747158, 2055.461483747158, 2055.461483747158, 2055.461483747158, 2055.461483747158, 2055.461483747158, 2055.461483747158, 2059.1999500571465, 2055.461483747158, 2055.461483747158, 2055.461483747158, 2055.461483747158, 2055.461483747158, 2055.461483747158, 2055.461483747158, 2055.461483747158, 2055.461483747158, 2055.461483747158, 2055.461483747158, 2055.461483747158, 2055.461483747158, 2055.461483747158, 2055.461483747158, 2055.461483747158, 2055.461483747158, 2055.461483747158, 2055.461483747158, 2055.461483747158, 2055.461483747158, 2055.461483747158, 2055.461483747158, 2055.461483747158, 2055.461483747158, 2055.461483747158, 2055.461483747158, 2055.461483747158, 2055.461483747158, 2055.461483747158, 2055.461483747158, 2055.461483747158, 2055.461483747158, 2055.461483747158, 2055.461483747158, 2055.461483747158, 2055.461483747158, 2055.461483747158, 2055.461483747158, 2055.461483747158, 2055.461483747158]
[2055.461483747158, 2055.461483747158, 2055.461483747158, 2055.461483747158, 2055.461483747158, 2055.461483747158, 2055.461483747158, 2055.461483747158, 2055.461483747158, 2055.461483747158, 2055.461483747158, 2055.461483747158, 2055.461483747158, 2055.461483747158, 2055.461483747158, 2055.461483747158, 2055.461483747158, 2055.461483747158, 2055.461483747158, 2055.461483747158, 2055.461483747158, 2055.461483747158, 2055.461483747158, 2055.461483747158, 2055.461483747158, 2055.461483747158, 2055.461483747158, 2055.461483747158, 2055.461483747158, 2055.461483747158, 2055.461483747158, 2055.461483747158, 2055.461483747158, 2055.461483747158, 2055.461483747158, 2055.461483747158, 2055.461483747158, 2055.461483747158, 2055.461483747158, 2055.461483747158, 2055.461483747158, 2055.461483747158, 2055.461483747158, 2055.461483747158, 2055.461483747158, 2055.461483747158, 2055.461483747158, 2055.461483747158, 2055.461483747158, 2055.461483747158]
[2055.461483747158, 2055.461483747158, 2055.461483747158, 2055.461483747158, 2055.461483747158, 2055.461483747158, 2055.461483747158, 2055.461483747158, 2055.461483747158, 2055.461483747158, 2055.461483747158, 2055.461483747158, 2055.461483747158, 2055.461483747158, 2055.461483747158, 2055.461483747158, 2055.461483747158, 2055.461483747158, 2055.461483747158, 2055.461483747158, 2055.461483747158, 2055.461483747158, 2055.461483747158, 2055.461483747158, 2055.461483747158, 2055.461483747158, 2055.461483747158, 2055.461483747158, 2055.461483747158, 2055.461483747158, 2055.461483747158, 2055.461483747158, 2055.461483747158, 2055.461483747158, 2055.461483747158, 2055.461483747158, 2055.461483747158, 2055.461483747158, 2055.461483747158, 2055.461483747158, 2055.461483747158, 2055.461483747158, 2055.461483747158, 2055.461483747158, 2055.461483747158, 2055.461483747158, 2055.461483747158, 2055.461483747158, 2055.461483747158, 2055.461483747158]

In 500: p-value=0.368
[2055.461483747158, 2055.461483747158, 2055.461483747158, 2055.461483747158, 2055.461483747158, 2055.461483747158, 2055.461483747158, 2055.461483747158, 2059.1999500571465, 2055.461483747158, 2055.461483747158, 2055.461483747158, 2055.461483747158, 2055.461483747158, 2055.461483747158, 2055.461483747158, 2055.461483747158, 2055.461483747158, 2055.461483747158, 2055.461483747158, 2055.461483747158, 2055.461483747158, 2055.461483747158, 2055.461483747158, 2055.461483747158, 2055.461483747158, 2055.461483747158, 2055.461483747158, 2055.461483747158, 2055.461483747158, 2055.461483747158, 2055.461483747158, 2055.461483747158, 2055.461483747158, 2055.461483747158, 2055.461483747158, 2055.461483747158, 2055.461483747158, 2055.461483747158, 2055.461483747158, 2055.461483747158, 2055.461483747158, 2055.461483747158, 2055.461483747158, 2055.461483747158, 2055.461483747158, 2055.461483747158, 2055.461483747158, 2055.461483747158, 2055.461483747158]
[2055.461483747158, 2055.461483747158, 2055.461483747158, 2055.461483747158, 2055.461483747158, 2055.461483747158, 2055.461483747158, 2055.461483747158, 2055.461483747158, 2055.461483747158, 2055.461483747158, 2055.461483747158, 2055.461483747158, 2055.461483747158, 2055.461483747158, 2055.461483747158, 2055.461483747158, 2055.461483747158, 2055.461483747158, 2055.461483747158, 2055.461483747158, 2055.461483747158, 2055.461483747158, 2055.461483747158, 2055.461483747158, 2055.461483747158, 2055.461483747158, 2055.461483747158, 2055.461483747158, 2055.461483747158, 2055.461483747158, 2055.461483747158, 2055.461483747158, 2055.461483747158, 2055.461483747158, 2055.461483747158, 2055.461483747158, 2055.461483747158, 2055.461483747158, 2055.461483747158, 2055.461483747158, 2055.461483747158, 2055.461483747158, 2055.461483747158, 2055.461483747158, 2055.461483747158, 2055.461483747158, 2055.461483747158, 2055.461483747158, 2055.461483747158]
[2055.461483747158, 2055.461483747158, 2055.461483747158, 2055.461483747158, 2055.461483747158, 2055.461483747158, 2055.461483747158, 2055.461483747158, 2055.461483747158, 2055.461483747158, 2055.461483747158, 2055.461483747158, 2055.461483747158, 2055.461483747158, 2055.461483747158, 2055.461483747158, 2055.461483747158, 2055.461483747158, 2055.461483747158, 2055.461483747158, 2055.461483747158, 2055.461483747158, 2055.461483747158, 2055.461483747158, 2055.461483747158, 2055.461483747158, 2055.461483747158, 2055.461483747158, 2055.461483747158, 2055.461483747158, 2055.461483747158, 2055.461483747158, 2055.461483747158, 2055.461483747158, 2055.461483747158, 2055.461483747158, 2055.461483747158, 2055.461483747158, 2055.461483747158, 2055.461483747158, 2055.461483747158, 2055.461483747158, 2055.461483747158, 2055.461483747158, 2055.461483747158, 2055.461483747158, 2055.461483747158, 2055.461483747158, 2055.461483747158, 2055.461483747158]

In 1000: p-value=0.368
[2055.461483747158, 2055.461483747158, 2055.461483747158, 2055.461483747158, 2055.461483747158, 2055.461483747158, 2055.461483747158, 2055.461483747158, 2059.1999500571465, 2055.461483747158, 2055.461483747158, 2055.461483747158, 2055.461483747158, 2055.461483747158, 2055.461483747158, 2055.461483747158, 2055.461483747158, 2055.461483747158, 2055.461483747158, 2055.461483747158, 2055.461483747158, 2055.461483747158, 2055.461483747158, 2055.461483747158, 2055.461483747158, 2055.461483747158, 2055.461483747158, 2055.461483747158, 2055.461483747158, 2055.461483747158, 2055.461483747158, 2055.461483747158, 2055.461483747158, 2055.461483747158, 2055.461483747158, 2055.461483747158, 2055.461483747158, 2055.461483747158, 2055.461483747158, 2055.461483747158, 2055.461483747158, 2055.461483747158, 2055.461483747158, 2055.461483747158, 2055.461483747158, 2055.461483747158, 2055.461483747158, 2055.461483747158, 2055.461483747158, 2055.461483747158]
[2055.461483747158, 2055.461483747158, 2055.461483747158, 2055.461483747158, 2055.461483747158, 2055.461483747158, 2055.461483747158, 2055.461483747158, 2055.461483747158, 2055.461483747158, 2055.461483747158, 2055.461483747158, 2055.461483747158, 2055.461483747158, 2055.461483747158, 2055.461483747158, 2055.461483747158, 2055.461483747158, 2055.461483747158, 2055.461483747158, 2055.461483747158, 2055.461483747158, 2055.461483747158, 2055.461483747158, 2055.461483747158, 2055.461483747158, 2055.461483747158, 2055.461483747158, 2055.461483747158, 2055.461483747158, 2055.461483747158, 2055.461483747158, 2055.461483747158, 2055.461483747158, 2055.461483747158, 2055.461483747158, 2055.461483747158, 2055.461483747158, 2055.461483747158, 2055.461483747158, 2055.461483747158, 2055.461483747158, 2055.461483747158, 2055.461483747158, 2055.461483747158, 2055.461483747158, 2055.461483747158, 2055.461483747158, 2055.461483747158, 2055.461483747158]
[2055.461483747158, 2055.461483747158, 2055.461483747158, 2055.461483747158, 2055.461483747158, 2055.461483747158, 2055.461483747158, 2055.461483747158, 2055.461483747158, 2055.461483747158, 2055.461483747158, 2055.461483747158, 2055.461483747158, 2055.461483747158, 2055.461483747158, 2055.461483747158, 2055.461483747158, 2055.461483747158, 2055.461483747158, 2055.461483747158, 2055.461483747158, 2055.461483747158, 2055.461483747158, 2055.461483747158, 2055.461483747158, 2055.461483747158, 2055.461483747158, 2055.461483747158, 2055.461483747158, 2055.461483747158, 2055.461483747158, 2055.461483747158, 2055.461483747158, 2055.461483747158, 2055.461483747158, 2055.461483747158, 2055.461483747158, 2055.461483747158, 2055.461483747158, 2055.461483747158, 2055.461483747158, 2055.461483747158, 2055.461483747158, 2055.461483747158, 2055.461483747158, 2055.461483747158, 2055.461483747158, 2055.461483747158, 2055.461483747158, 2055.461483747158]


