Schwefel: 10
Round 0
[2074.08856729 2070.80558148 2068.43345091 ... 2055.46148375 2055.46148375
 2055.46148375]
[2072.80555838 2066.79430283 2066.16833233 ... 2055.46148375 2055.46148375
 2055.46148375]
[2071.95449904 2065.32614878 2064.4350111  ... 2055.46148375 2055.46148375
 2055.46148375]

Round 1
[2073.51604495 2072.19521192 2069.60996707 ... 2055.46148375 2055.46148375
 2055.46148375]
[2072.80555838 2065.52623691 2061.36723098 ... 2055.46148375 2055.46148375
 2055.46148375]
[2071.95449904 2063.93319176 2061.53539741 ... 2055.46148375 2055.46148375
 2055.46148375]

Round 2
[2075.66395091 2074.60551789 2067.57077197 ... 2055.46148375 2055.46148375
 2055.46148375]
[2072.80555838 2067.55658514 2067.55658514 ... 2055.46148375 2055.46148375
 2055.46148375]
[2071.95449904 2065.66131403 2063.49139603 ... 2055.46148375 2055.46148375
 2055.46148375]

Round 3
[2072.70570901 2068.33543479 2067.25842555 ... 2055.46148375 2055.46148375
 2055.46148375]
[2072.70570901 2070.51221829 2065.59053171 ... 2055.46148375 2055.46148375
 2055.46148375]
[2071.95449904 2062.02963127 2062.02963127 ... 2055.46148375 2055.46148375
 2055.46148375]

Round 4
[2074.66902425 2068.46381786 2065.77760583 ... 2055.46148375 2055.46148375
 2055.46148375]
[2072.80555838 2069.52860149 2067.4645938  ... 2055.46148375 2055.46148375
 2055.46148375]
[2071.95449904 2067.68561568 2065.20669935 ... 2055.46148375 2055.46148375
 2055.46148375]

Round 5
[2070.71040035 2070.47365585 2067.36445942 ... 2055.46148375 2055.46148375
 2055.46148375]
[2070.71040035 2070.71040035 2070.18681609 ... 2055.46148375 2055.46148375
 2055.46148375]
[2070.71040035 2066.57975374 2064.14927986 ... 2055.46148375 2055.46148375
 2055.46148375]

Round 6
[2073.05618913 2065.81355047 2065.81355047 ... 2055.46148375 2055.46148375
 2055.46148375]
[2072.80555838 2070.76515915 2061.79982945 ... 2055.46148375 2055.46148375
 2055.46148375]
[2071.95449904 2063.09758138 2063.09758138 ... 2055.46148375 2055.46148375
 2055.46148375]

Round 7
[2072.087179   2063.71960405 2063.71960405 ... 2055.46148375 2055.46148375
 2055.46148375]
[2072.087179   2068.5406599  2067.07807462 ... 2055.46148375 2055.46148375
 2055.46148375]
[2071.95449904 2065.0776665  2062.73026737 ... 2055.46148375 2055.46148375
 2055.46148375]

Round 8
[2069.99717152 2069.86632119 2069.86632119 ... 2059.19995006 2059.19995006
 2059.19995006]
[2069.99717152 2067.55214858 2067.55214858 ... 2055.46148375 2055.46148375
 2055.46148375]
[2069.99717152 2068.91659713 2066.90708526 ... 2055.46148375 2055.46148375
 2055.46148375]

Round 9
[2070.46546622 2067.47748698 2062.78245706 ... 2055.46148375 2055.46148375
 2055.46148375]
[2070.46546622 2067.47367474 2066.36751861 ... 2055.46148375 2055.46148375
 2055.46148375]
[2070.46546622 2066.19312323 2062.9048341  ... 2055.46148375 2055.46148375
 2055.46148375]

Round 10
[2070.53152412 2067.28381956 2067.28381956 ... 2055.46148375 2055.46148375
 2055.46148375]
[2070.53152412 2070.53152412 2060.88518095 ... 2055.46148375 2055.46148375
 2055.46148375]
[2070.53152412 2067.4793937  2065.07833847 ... 2055.46148375 2055.46148375
 2055.46148375]

Round 11
[2071.0202595  2071.0202595  2067.97284742 ... 2055.46148375 2055.46148375
 2055.46148375]
[2071.0202595  2069.47598644 2067.78984904 ... 2055.46148375 2055.46148375
 2055.46148375]
[2071.0202595  2067.38778694 2065.77014152 ... 2055.46148375 2055.46148375
 2055.46148375]

Round 12
[2077.44094421 2075.70602441 2065.06126357 ... 2055.46148375 2055.46148375
 2055.46148375]
[2072.80555838 2071.00108583 2064.66703552 ... 2055.46148375 2055.46148375
 2055.46148375]
[2071.95449904 2064.73918512 2063.74165644 ... 2055.46148375 2055.46148375
 2055.46148375]

Round 13
[2073.38582025 2069.94087962 2067.72653599 ... 2055.46148375 2055.46148375
 2055.46148375]
[2072.80555838 2068.30482985 2066.94520169 ... 2055.46148375 2055.46148375
 2055.46148375]
[2071.95449904 2065.03259512 2062.21318214 ... 2055.46148375 2055.46148375
 2055.46148375]

Round 14
[2079.66693485 2072.806603   2068.33063347 ... 2055.46148375 2055.46148375
 2055.46148375]
[2072.80555838 2068.89710244 2067.88606584 ... 2055.46148375 2055.46148375
 2055.46148375]
[2071.95449904 2065.81191785 2064.94159841 ... 2055.46148375 2055.46148375
 2055.46148375]

Round 15
[2077.58036007 2072.24669039 2065.41813173 ... 2055.46148375 2055.46148375
 2055.46148375]
[2072.80555838 2070.09287669 2068.32181205 ... 2055.46148375 2055.46148375
 2055.46148375]
[2071.95449904 2068.70971799 2063.5254538  ... 2055.46148375 2055.46148375
 2055.46148375]

Round 16
[2072.0595142  2064.60033763 2064.60033763 ... 2055.46148375 2055.46148375
 2055.46148375]
[2072.0595142  2069.71000131 2064.40689862 ... 2055.46148375 2055.46148375
 2055.46148375]
[2071.95449904 2067.34582987 2062.091313   ... 2055.46148375 2055.46148375
 2055.46148375]

Round 17
[2078.07993642 2076.89092633 2071.4372123  ... 2055.46148375 2055.46148375
 2055.46148375]
[2072.80555838 2072.80555838 2064.38963784 ... 2055.46148375 2055.46148375
 2055.46148375]
[2071.95449904 2066.27680844 2063.50986493 ... 2055.46148375 2055.46148375
 2055.46148375]

Round 18
[2072.41050834 2070.86899277 2066.72757036 ... 2055.46148375 2055.46148375
 2055.46148375]
[2072.41050834 2068.99213712 2064.55815701 ... 2055.46148375 2055.46148375
 2055.46148375]
[2071.95449904 2064.16669199 2064.03559879 ... 2055.46148375 2055.46148375
 2055.46148375]

Round 19
[2070.78351929 2069.24407038 2068.63841447 ... 2055.46148375 2055.46148375
 2055.46148375]
[2070.78351929 2069.79654014 2066.31596928 ... 2055.46148375 2055.46148375
 2055.46148375]
[2070.78351929 2067.17953387 2065.51454737 ... 2055.46148375 2055.46148375
 2055.46148375]

Round 20
[2072.73413896 2067.87612726 2065.49269066 ... 2055.46148375 2055.46148375
 2055.46148375]
[2072.73413896 2064.16634426 2064.16634426 ... 2055.46148375 2055.46148375
 2055.46148375]
[2071.95449904 2068.51984633 2063.30273332 ... 2055.46148375 2055.46148375
 2055.46148375]

Round 21
[2072.47033692 2067.65514501 2065.01482657 ... 2055.46148375 2055.46148375
 2055.46148375]
[2072.47033692 2070.20515532 2065.27432017 ... 2055.46148375 2055.46148375
 2055.46148375]
[2071.95449904 2068.51977463 2061.86447776 ... 2055.46148375 2055.46148375
 2055.46148375]

Round 22
[2070.64278796 2070.64278796 2069.83784692 ... 2055.46148375 2055.46148375
 2055.46148375]
[2070.64278796 2066.09231712 2066.09231712 ... 2055.46148375 2055.46148375
 2055.46148375]
[2070.64278796 2065.31521892 2061.65340942 ... 2055.46148375 2055.46148375
 2055.46148375]

Round 23
[2073.30742283 2070.83390834 2067.07093544 ... 2055.46148375 2055.46148375
 2055.46148375]
[2072.80555838 2072.46457041 2065.91684548 ... 2055.46148375 2055.46148375
 2055.46148375]
[2071.95449904 2065.79379171 2064.38609902 ... 2055.46148375 2055.46148375
 2055.46148375]

Round 24
[2066.59231127 2065.4359705  2065.02396195 ... 2055.46148375 2055.46148375
 2055.46148375]
[2066.59231127 2066.59231127 2066.59231127 ... 2055.46148375 2055.46148375
 2055.46148375]
[2066.59231127 2062.23308656 2062.23308656 ... 2055.46148375 2055.46148375
 2055.46148375]

Round 25
[2074.06305867 2069.41145492 2068.53401512 ... 2055.46148375 2055.46148375
 2055.46148375]
[2072.80555838 2064.89644883 2064.89644883 ... 2055.46148375 2055.46148375
 2055.46148375]
[2071.95449904 2066.55718706 2064.77100616 ... 2055.46148375 2055.46148375
 2055.46148375]

Round 26
[2069.85168268 2069.62974117 2066.78278832 ... 2055.46148375 2055.46148375
 2055.46148375]
[2069.85168268 2069.85168268 2068.7520275  ... 2055.46148375 2055.46148375
 2055.46148375]
[2069.85168268 2066.12021867 2062.79130599 ... 2055.46148375 2055.46148375
 2055.46148375]

Round 27
[2079.32656917 2073.61517944 2068.07926682 ... 2055.46148375 2055.46148375
 2055.46148375]
[2072.80555838 2067.46172312 2067.46172312 ... 2055.46148375 2055.46148375
 2055.46148375]
[2071.95449904 2068.32121884 2063.61362998 ... 2055.46148375 2055.46148375
 2055.46148375]

Round 28
[2079.17769121 2073.37152014 2070.67186771 ... 2055.46148375 2055.46148375
 2055.46148375]
[2072.80555838 2069.57590573 2069.57590573 ... 2055.46148375 2055.46148375
 2055.46148375]
[2071.95449904 2064.73471318 2060.91691976 ... 2055.46148375 2055.46148375
 2055.46148375]

Round 29
[2072.69942804 2071.14156056 2063.92749369 ... 2055.46148375 2055.46148375
 2055.46148375]
[2072.69942804 2070.82264638 2064.81286876 ... 2055.46148375 2055.46148375
 2055.46148375]
[2071.95449904 2059.9479949  2059.9479949  ... 2055.46148375 2055.46148375
 2055.46148375]

Round 30
[2076.53071913 2073.84010096 2070.09161672 ... 2055.46148375 2055.46148375
 2055.46148375]
[2072.80555838 2072.58890261 2064.5502529  ... 2055.46148375 2055.46148375
 2055.46148375]
[2071.95449904 2064.49795342 2064.49795342 ... 2055.46148375 2055.46148375
 2055.46148375]

Round 31
[2069.81776923 2069.81776923 2065.92123583 ... 2055.46148375 2055.46148375
 2055.46148375]
[2069.81776923 2069.04163158 2064.61506967 ... 2055.46148375 2055.46148375
 2055.46148375]
[2069.81776923 2064.78549319 2061.19471371 ... 2055.46148375 2055.46148375
 2055.46148375]

Round 32
[2075.23324069 2067.44987954 2065.83164075 ... 2055.46148375 2055.46148375
 2055.46148375]
[2072.80555838 2071.79566013 2066.77786893 ... 2055.46148375 2055.46148375
 2055.46148375]
[2071.95449904 2064.19053231 2064.19053231 ... 2055.46148375 2055.46148375
 2055.46148375]

Round 33
[2070.7714737  2066.64818212 2062.14080501 ... 2055.46148375 2055.46148375
 2055.46148375]
[2070.7714737  2064.00248545 2064.00248545 ... 2055.46148375 2055.46148375
 2055.46148375]
[2070.7714737  2065.82888807 2063.68134279 ... 2055.46148375 2055.46148375
 2055.46148375]

Round 34
[2072.07466715 2070.28766256 2063.4897284  ... 2055.46148375 2055.46148375
 2055.46148375]
[2072.07466715 2068.90607163 2068.90607163 ... 2055.46148375 2055.46148375
 2055.46148375]
[2071.95449904 2063.6143514  2061.08310782 ... 2055.46148375 2055.46148375
 2055.46148375]

Round 35
[2074.65746456 2074.65746456 2069.60060802 ... 2055.46148375 2055.46148375
 2055.46148375]
[2072.80555838 2063.03231038 2063.03231038 ... 2055.46148375 2055.46148375
 2055.46148375]
[2071.95449904 2067.90384017 2064.99640873 ... 2055.46148375 2055.46148375
 2055.46148375]

Round 36
[2074.60369057 2074.009272   2068.96981535 ... 2055.46148375 2055.46148375
 2055.46148375]
[2072.80555838 2068.17846335 2068.17846335 ... 2055.46148375 2055.46148375
 2055.46148375]
[2071.95449904 2070.27673507 2065.51908016 ... 2055.46148375 2055.46148375
 2055.46148375]

Round 37
[2077.20625837 2073.41781146 2067.01249842 ... 2055.46148375 2055.46148375
 2055.46148375]
[2072.80555838 2068.79805427 2065.48261757 ... 2055.46148375 2055.46148375
 2055.46148375]
[2071.95449904 2068.4234976  2065.68638246 ... 2055.46148375 2055.46148375
 2055.46148375]

Round 38
[2073.42489036 2061.32962031 2061.32962031 ... 2055.46148375 2055.46148375
 2055.46148375]
[2072.80555838 2066.65725312 2061.98440765 ... 2055.46148375 2055.46148375
 2055.46148375]
[2071.95449904 2067.65389581 2060.41337172 ... 2055.46148375 2055.46148375
 2055.46148375]

Round 39
[2068.3019607  2066.4465955  2064.96530373 ... 2055.46148375 2055.46148375
 2055.46148375]
[2068.3019607  2062.52720755 2062.52720755 ... 2055.46148375 2055.46148375
 2055.46148375]
[2068.3019607  2064.79196015 2060.97126161 ... 2055.46148375 2055.46148375
 2055.46148375]

Round 40
[2069.6159147  2069.6159147  2064.99169466 ... 2055.46148375 2055.46148375
 2055.46148375]
[2069.6159147  2066.95619858 2063.5387709  ... 2055.46148375 2055.46148375
 2055.46148375]
[2069.6159147  2064.57683258 2064.14658799 ... 2055.46148375 2055.46148375
 2055.46148375]

Round 41
[2074.63311824 2072.03414506 2070.36263246 ... 2055.46148375 2055.46148375
 2055.46148375]
[2072.80555838 2071.73286705 2067.43514123 ... 2055.46148375 2055.46148375
 2055.46148375]
[2071.95449904 2069.20637263 2060.47313211 ... 2055.46148375 2055.46148375
 2055.46148375]

Round 42
[2065.77357041 2065.77357041 2064.02320613 ... 2055.46148375 2055.46148375
 2055.46148375]
[2065.77357041 2065.77357041 2065.29004105 ... 2055.46148375 2055.46148375
 2055.46148375]
[2065.77357041 2064.75758201 2061.01228225 ... 2055.46148375 2055.46148375
 2055.46148375]

Round 43
[2078.66013998 2071.61936442 2066.71287501 ... 2055.46148375 2055.46148375
 2055.46148375]
[2072.80555838 2071.65934111 2067.03314879 ... 2055.46148375 2055.46148375
 2055.46148375]
[2071.95449904 2068.85383223 2060.37847858 ... 2055.46148375 2055.46148375
 2055.46148375]

Round 44
[2079.28182627 2067.19659485 2062.19561747 ... 2055.46148375 2055.46148375
 2055.46148375]
[2072.80555838 2068.34302888 2064.00160419 ... 2055.46148375 2055.46148375
 2055.46148375]
[2071.95449904 2067.92562281 2063.40034175 ... 2055.46148375 2055.46148375
 2055.46148375]

Round 45
[2073.91522324 2071.39937475 2067.27416989 ... 2055.46148375 2055.46148375
 2055.46148375]
[2072.80555838 2066.56632851 2064.21533987 ... 2055.46148375 2055.46148375
 2055.46148375]
[2071.95449904 2064.80745763 2061.8914361  ... 2055.46148375 2055.46148375
 2055.46148375]

Round 46
[2068.91871504 2066.90719    2065.14317154 ... 2055.46148375 2055.46148375
 2055.46148375]
[2068.91871504 2068.36804404 2065.41850659 ... 2055.46148375 2055.46148375
 2055.46148375]
[2068.91871504 2062.1232656  2060.07319555 ... 2055.46148375 2055.46148375
 2055.46148375]

Round 47
[2069.32798783 2067.77705542 2066.87215186 ... 2055.46148375 2055.46148375
 2055.46148375]
[2069.32798783 2069.32798783 2068.29589644 ... 2055.46148375 2055.46148375
 2055.46148375]
[2069.32798783 2065.59251695 2064.81354877 ... 2055.46148375 2055.46148375
 2055.46148375]

Round 48
[2071.76741977 2071.74393863 2070.10004918 ... 2055.46148375 2055.46148375
 2055.46148375]
[2071.76741977 2071.46176658 2068.01292966 ... 2055.46148375 2055.46148375
 2055.46148375]
[2071.76741977 2066.11231917 2061.56400593 ... 2055.46148375 2055.46148375
 2055.46148375]

Round 49
[2071.51194291 2069.62758808 2068.95078276 ... 2055.46148375 2055.46148375
 2055.46148375]
[2071.51194291 2070.07637024 2066.03144366 ... 2055.46148375 2055.46148375
 2055.46148375]
[2071.51194291 2068.26239092 2063.58668826 ... 2055.46148375 2055.46148375
 2055.46148375]

Schwefel: 50Round 0
[2050.17778751 2025.51883607 2021.93935455 ... 1912.60328398 1912.60328398
 1912.60328398]
[2050.17778751 2033.55951724 2028.79291436 ... 1905.12635136 1905.12635136
 1905.12635136]
[2050.17778751 2030.66437078 2002.90757563 ... 1905.12635136 1905.12635136
 1905.12635136]

