[1, 0.9990234375, 0.72381591796875, 0.9354104614257812],
[2, 0.9989013671875, 0.39910888671875, 0.7779391174316406],
[3, 0.99786376953125, 0.219970703125, 0.574917869567871],
[4, 0.994720458984375, 0.12905120849609375, 0.4076948585510254],
[5, 0.997283935546875, 0.07731246948242188, 0.29072061157226564],
[6, 0.994903564453125, 0.039689064025878906, 0.2176668462753296],
[7, 0.997406005859375, 0.016577720642089844, 0.17076066303253173],
[8, 0.999176025390625, 0.008337736129760742, 0.1426633882522583],
[9, 0.99688720703125, 0.005394577980041504, 0.12401054143905639],
[10, 0.998748779296875, 0.0018957257270812988, 0.11262643629312516],
