[18601010711.12786, 18601010711.12786, 18601010711.12786, 18586448344.74893, 18586448045.28423, 18586448045.28423, 18586448045.28423, 18586448045.28423, 18586448045.28423, 18586448045.28423, 18586448045.28423, 18586448045.28423, 18586448045.28423, 18586448045.28423, 18550798858.65516, 18545375442.087124, 18545375442.087124, 18355720512.547966, 18355720512.547966, 18207075116.615204, 18207075116.615204, 18207075116.615204, 18205604050.89026, 18205538467.60942, 18205538467.1145, 18205538467.1145, 17888460361.84312, 17888460361.84312, 17888460361.84312, 17888460361.84312]
[14480783658.764975, 14480783658.764975, 14480783658.764975, 14480783658.764975, 14480783658.764975, 14480429106.423885, 14480126437.564999, 14473040263.79799, 14207714988.716736, 14207714988.716736, 14176370880.85199, 14175981453.817263, 14175981453.817263, 13012050357.232695, 13007541814.059347, 12942866563.629656, 12942866563.629656, 12942866563.629656, 12942866563.629656, 12942866563.629656, 12942866563.629656, 12942866563.629656, 12942866563.629656, 12942866563.629656, 12942866563.629656, 12942866563.629656, 12942866563.629656, 12942866563.629656, 12942866563.629656, 12942866563.629656]
[13167104553.87209, 13167104553.87209, 13167104553.87209, 12897923327.035053, 12897923314.059687, 12859035537.144382, 12780880479.529707, 12780880463.10156, 12780880463.10156, 12780880463.10156, 12780880463.10156, 12780880463.10156, 12740232958.566309, 12740232958.566309, 12740232958.566309, 12740232958.566309, 12740232958.566309, 12740232958.566309, 12740232958.566309, 12740232958.566309, 12740232958.566309, 12740232958.566309, 12740232958.566309, 12740232958.566309, 12740232958.566309, 12740232958.566309, 12740232958.566309, 12740232958.566309, 12740232958.566309, 12740232958.566309]
[10533684465.49932, 10533684465.49932, 10392938109.594616, 10392938109.594616, 10392938109.594616, 10392938109.594616, 10392938109.594616, 10360293809.59613, 10360293809.17225, 10360293809.17225, 10310525622.975998, 10310525619.274605, 10264111922.131905, 10264111922.131905, 10264111922.131905, 10264111922.131905, 10264111922.131905, 10264111922.131905, 10264111922.131905, 10145168118.445717, 10085033107.148096, 10050697998.121681, 10050697998.121681, 10050697998.121681, 10050697998.121681, 10050697998.121681, 10050697998.121681, 10050697998.121681, 9939907833.854546, 9939907833.854546]
[25300460762.230003, 25255702325.60977, 25249759992.495872, 25249759992.495872, 25249759992.495872, 25249759992.495872, 25249759992.495872, 25249759992.495872, 25249759992.495872, 25249759992.495872, 25249759992.495872, 25249759992.495872, 25249759992.495872, 25249759992.495872, 25249759992.495872, 25249759992.495872, 25249759992.495872, 25249759992.495872, 25249759992.495872, 25249759992.495872, 25249759992.495872, 25249759992.495872, 25249759992.495872, 25249759992.495872, 25249759992.495872, 25249759992.495872, 25249759992.495872, 25249759992.495872, 25249759992.495872, 25249759992.495872]
[15097235373.508894, 15097235373.33084, 15097235334.821693, 15095700935.107094, 15095700935.107094, 15095700935.107094, 15095700935.107094, 15095700935.107094, 15095700935.107094, 15095700935.107094, 15095700935.107094, 15095700935.107094, 15095700935.107094, 15095700935.107094, 15095700935.107094, 15095700935.107094, 15095700935.107094, 15095700935.107094, 15095700935.107094, 15095700935.107094, 15095700935.107094, 15095700935.107094, 15095700935.107094, 15095700935.107094, 15095700935.107094, 15095700935.107094, 15095700935.107094, 15095700935.107094, 15095700935.107094, 15095700935.107094]
[13934478354.908163, 13934478354.908163, 13934478354.908163, 13929517787.598957, 13929517787.598957, 13929517787.598957, 13929517787.598957, 13929517787.598957, 13843193569.812601, 13831828154.331842, 13476348022.429459, 13474008471.984238, 13368337008.608986, 13322728579.61479, 13322725936.13066, 13118330410.77853, 13117090704.887323, 13117090704.887323, 13117090704.887323, 13117090704.887323, 13117090704.887323, 13117090704.887323, 13117090704.887323, 13117090704.887323, 13117090704.887323, 13117090704.887323, 13117090704.887323, 13117090704.887323, 13117090704.887323, 13117090704.887323]
[12940989727.950155, 12931498892.851763, 12931498892.851763, 12931498892.851763, 12931498892.851763, 12931498892.851763, 12931498892.851763, 12931498892.851763, 12806945383.956043, 12801288423.268158, 12801288008.785551, 12693378804.989876, 12688490384.608788, 12688490384.608788, 12688490384.608788, 12688490384.608788, 12688490384.608788, 12688490384.608788, 12688490384.608788, 12688490384.608788, 12688490384.608788, 12688490384.608788, 12688490384.608788, 12688490384.608788, 12688490384.608788, 12688490384.608788, 12688490384.608788, 12688490384.608788, 12688490384.608788, 12688490384.608788]
[21235817828.905163, 21235817828.905163, 21235817828.905163, 21235817828.905163, 21235817828.905163, 21235817828.905163, 21235817828.905163, 21235817828.905163, 21235817828.905163, 21235817828.905163, 21235817828.905163, 21235817828.905163, 21235817828.905163, 20282761853.775753, 20282761853.775753, 20282761853.775753, 20282761853.775753, 20282761853.775753, 20282761853.775753, 20282761853.775753, 20116216772.498917, 20059805434.618225, 20059805434.618225, 20010427112.780987, 20004805357.4531, 20001857432.790176, 20001857424.796124, 20001857424.796124, 20001857424.796124, 20001857424.796124]
[18050795855.32272, 18050795855.32272, 18050795855.32272, 18050795855.32272, 18050795855.32272, 17683494500.003048, 17683494500.003048, 17683494500.003048, 17682783802.244972, 17604642173.69956, 17604642143.50386, 17600844876.242905, 17599022388.247444, 17564562171.699615, 17564562171.699615, 16369945085.104721, 16351284041.73359, 16348127576.259758, 16347006299.332159, 16324638786.932209, 16324638779.829113, 16324387782.141256, 16324387776.380096, 16324387776.380096, 16324387776.380096, 16311760275.295664, 16311760275.295664, 16311760275.295664, 16311760275.295664, 16311760275.295664]
