[1, 0.997711181640625, 0.67645263671875, 0.9350009460449219],
[2, 0.994598388671875, 0.376068115234375, 0.7675718688964843],
[3, 0.964691162109375, 0.281005859375, 0.5359493942260742],
[4, 0.7777519226074219, 0.13378143310546875, 0.35832508087158205],
[5, 0.5503349304199219, 0.09218788146972656, 0.23323898696899414],
[6, 0.31024169921875, 0.04785633087158203, 0.15064841556549072],
[7, 0.2431492805480957, 0.028886795043945312, 0.10129595708847046],
[8, 0.2243976593017578, 0.013396024703979492, 0.07301021385192871],
[9, 0.18971335887908936, 0.008269786834716797, 0.05647277808189392],
[10, 0.15285396575927734, 0.004334747791290283, 0.046303521633148194],
