[1, 0.99847412109375, 0.6943359375, 0.937245361328125],
[2, 0.9964599609375, 0.449981689453125, 0.7651236572265625],
[3, 0.94512939453125, 0.21929168701171875, 0.5327894744873047],
[4, 0.81781005859375, 0.14550018310546875, 0.3512693290710449],
[5, 0.7978057861328125, 0.08265113830566406, 0.22610767364501952],
[6, 0.5898361206054688, 0.038356781005859375, 0.14499003219604492],
[7, 0.6076545715332031, 0.013445377349853516, 0.0914273247718811],
[8, 0.5161604881286621, 0.009083271026611328, 0.058811218500137326],
[9, 0.5339295864105225, 0.006870746612548828, 0.038912874341011046],
[10, 0.515697717666626, 0.0025644302368164062, 0.026820137679576875],
