[1, 0.998046875, 0.744110107421875, 0.9369224548339844],
[2, 0.99786376953125, 0.4756927490234375, 0.7608653106689454],
[3, 0.9235458374023438, 0.2059326171875, 0.5395401382446289],
[4, 0.9096527099609375, 0.1087188720703125, 0.353273983001709],
[5, 0.906524658203125, 0.059909820556640625, 0.22475768852233888],
[6, 0.9047317504882812, 0.04874229431152344, 0.14412957763671874],
[7, 0.8926925659179688, 0.018716812133789062, 0.08835515260696411],
[8, 0.8419413566589355, 0.01199483871459961, 0.055860837697982786],
[9, 0.8040041923522949, 0.008803725242614746, 0.035524273991584775],
[10, 0.8609390258789062, 0.003086864948272705, 0.02364590185880661],
