[1, 0.999114990234375, 0.632904052734375, 0.9374609985351563],
[2, 0.967315673828125, 0.4307861328125, 0.7598321228027344],
[3, 0.874359130859375, 0.2491302490234375, 0.5378499679565429],
[4, 0.7930450439453125, 0.1078033447265625, 0.3571345443725586],
[5, 0.5593814849853516, 0.07922554016113281, 0.22854130363464356],
[6, 0.33634185791015625, 0.04668140411376953, 0.14463675022125244],
[7, 0.21004295349121094, 0.020906448364257812, 0.0879173846244812],
[8, 0.15920019149780273, 0.015942811965942383, 0.053122918605804446],
[9, 0.09825098514556885, 0.008214831352233887, 0.03335452210903168],
[10, 0.06000220775604248, 0.0037879347801208496, 0.019975922405719757],
