467.237247467041, 
481.5133812427521, 
480.64697194099426, 
484.5994186401367, 
481.4046380519867, 
478.966659784317, 
486.24400568008423, 
487.8254315853119, 
477.9103569984436, 
481.4665060043335, 
479.4097349643707, 
471.69061183929443, 
486.130980014801, 
470.24851632118225, 
469.66436553001404, 
471.39920353889465, 
477.1542637348175, 
457.95103454589844, 
485.32895135879517, 
459.9090292453766, 
461.46877574920654, 
458.72114515304565, 
459.4087288379669, 
462.43290305137634, 
460.17636489868164, 
461.0581319332123, 
